 Number of elements:            4
 
 Nodes
  Pt  Fixed    X           Force       Moment
    1    3  0.0000E+00  0.0000E+00  0.0000E+00
    2    0  0.1000E+02 -0.1000E+05  0.0000E+00
    3    1  0.2000E+02  0.0000E+00  0.0000E+00
    4    0  0.3000E+02 -0.1000E+05  0.0000E+00
    5    3  0.4000E+02  0.0000E+00  0.0000E+00
 
 Elements
  elem   i    j    Modulus     I           Length
    1    1    2  0.3000E+08  0.5000E+03  0.1000E+02
    2    2    3  0.3000E+08  0.5000E+03  0.1000E+02
    3    3    4  0.3000E+08  0.5000E+03  0.1000E+02
    4    4    5  0.3000E+08  0.5000E+03  0.1000E+02
 
 
 ----------- Results ---------------
 Results    
 Node  Constraint Location    Rec Load    Defl      Rec moment    Rotation
    1    3       0.0000E+00  0.5000E+04  0.0000E+00  0.2500E+05  0.0000E+00
    2    0       0.1000E+02 -0.1000E+05 -0.2778E-04 -0.2407E-34 -0.9370E-29
    3    1       0.2000E+02  0.1000E+05  0.0000E+00  0.3108E-11  0.5622E-21
    4    0       0.3000E+02 -0.1000E+05 -0.2778E-04 -0.1044E-18 -0.1807E-28
    5    3       0.4000E+02  0.5000E+04  0.0000E+00 -0.2500E+05  0.0000E+00
